120.0
64.3
45.86
38.08
34.26
32.22
31.11
30.52
30.24
30.16
30.19
30.27
30.39
30.41
30.64
30.89
31.16
31.45
31.78
32.15
32.55
32.99
33.46
33.93
34.4
34.86
35.29
35.72
36.14
36.57
37.01
37.48
37.96
38.45
38.94
39.42
39.89
40.36
40.83
41.31
41.8
42.31
42.83
43.35
43.86
44.36
44.87
45.38
45.9
46.44
46.99
47.54
48.09
48.63
49.17
49.72
50.28
50.86
51.44
52.02
52.6
53.18
53.76
54.36
54.98
55.59
56.21
56.82
57.43
58.06
58.7
59.36
60.01
60.65
61.3
61.97
62.65
63.34
64.02
64.71
65.4
66.11
66.83
67.56
68.28
69.01
69.76
70.51
71.28
72.05
72.81
73.6
74.4
75.21
76.02
76.83
77.66
78.51
79.37
80.22
81.09
81.98
82.88
83.78
84.69
85.63
86.58
87.53
88.5
89.48
90.49
91.5
92.52
93.57
94.64
95.71
96.8
97.92
99.06
100.21
101.39
102.59
103.81
105.05
106.32
107.63
108.95
110.3
111.7
113.12
114.57
116.07
117.61
119.19
120.0
